458016180
273740693
746132853
176245832
924010757
333440292
876379965
417245259
230818956
857515368
316978906
313693556
988158183
119013796
729904971
250586802
511235604
358213176
785226006
310116478
987738206
317720303
737913135
519234534
848145309
494303577
718087086
178788551
694805498
549869857
845776719
555936639
592922391
118784931
520085206
908381300
151998762
651796390
286698184
450005061
659177081
171791472
873201276
474503447
260506305
348165109
157430995
623562727
133462727
369149712
358924742
310396446
191025387
360605623
658704403
306845734
168232416
427813456
393297603
936513263
754751917
874981766
806211662
499138206
640955394
579457881
319690793
304951248
453037452
720882746
758241012
123391670
409020079
449354993
744315259
220171727
334679974
963385192
456279695
438598083
582031732
296596865
346694388
992986466
566542222
130982837
896167762
501968656
359583862
911919401
857881174
223758422
617356001
821900834
140990539
838445595
177390655
247848962
549890275
345662982
462491063
445382971
869969858
743656110
461059020
178419944
716875129
673675833
725032915
348179774
736802260
385548101
940120176
207174480
265850906
180421517
967505224
299931433
302147223
250530106
969528663
645243042
917727666
595251760
519627815
990429202
198756812
703330939
609312951
490189229
859176298
219838184
101128776
852933471
679739886
233517683
147203000
439494565
304969436
123360012
228095385
428803910
471687211
401234182
442913605
817919933
127324161
658207420
226892590
153901222
638190059
295021468
263606145
241530869
673531564
781325159
315523899
800214562
864929024
239116978
830517057
554090840
615504466
902150039
209219443
669149967
507548878
503651286
228815561
297687798
818988050
311972588
957374725
723664072
397517020
404608199
748349745
482330803
409474729
713344007
117825863
259264949
465523876
964036684
881034776
711693273
999277693
494302713
902676582
657923564
351281878
291234157
305179887
270612474
522794916
448916740
212278304
885698996
623971916
222351749
250736707
292568818
256556111
221057429
420661467
792425010
711573670
778860162
280296383
346437742
971772999
959155819
282278831
651290677
888766805
873679376
788024572
364564168
125168525
480288172
113232843
800668882
589663276
817162798
889083505
593636915
522331713
804488793
905842316
840706433
560987838
729173197
379700105
816791951
510220866
978908782
400099072
125160421
337578204
613642047
150363905
148999025
500812466
736165502
164954449
652253726
989276049
338156003
710326903
529212514
936274402
150864159
716057048
582521917
874734730
430074355
111404751
348396350
726092709
682783407
619273457
891812123
261126032
638003890
140060896
972369059
977766686
875712816
868176234
337533157
131625919
315868900
958259448
314024476
513146977
500186819
932579515
591970802
365332795
298708660
222430306
618139845
230123267
219946829
864474022
979125151
185440630
727665313
591505786
729879590
426887913
134282094
403533493
485103564
337123788
729024816
787252422
687741595
327114076
655860584
597162451
375284083
995139041
960036249
100175476
549928044
254980126
136681719
433166869
747047884
530231364
796615604
155627502
738176744
150908437
855582899
140687392
621932686
813917984
520878031
208696068
471343227
136092921
501767242
217521318
627177529
330378722
805860109
891081276
530029595
860739288
101566223
585520078
777924474
489147315
809455021
668203951
683488793
389461143
746632227
615388409
373090608
895253440
298181106
778662037
508797679
343245118
654344604
832668325
524474352
878429147
164686328
360014841
764951203
890034875
473794256
510243024
641438280
243920213
731565750
569394659
379638284
706550550
318405384
513080815
704722373
116585489
793313368
296914618
551808817
277789057
108515039
877960677
566039355
308163788
699619783
896977364
934694541
321502993
429298124
824452899
456691664
354059653
130304465
878008410
565737102
626327440
813922718
478724684
968336399
549267456
307846779
323647830
504126780
235367983
636951476
877157910
957576967
902523601
950641959
176054504
589590640
882639965
189003196
587585347
968727248
836059538
230630674
248213171
727804764
904352800
602455573
869268916
105281453
391483228
973581218
973476886
780205116
328974110
184302975
483904020
934415975
642826027
176593293
248539943
792250576
137650004
793983410
656681535
868814979
312500160
554658627
902507685
423034614
552327426
758405647
258149459
632572110
313883435
337038097
707440757
680346246
403953390
880378826
815828388
717517854
575625410
613326958
803007849
845136269
750516750
510956525
566393119
405841130
273567970
292295663
880741124
652272325
778884160
820216825
342809802
896682111
691489596
318403973
225615928
501627686
668786957
678656020
228951350
642222979
730826862
334845365
512148521
497605297
408410553
187667407
902837454
291358956
827652228
834465440
366211758
476839514
558865963
145785247
932991094
218493813
800403682
952218531
279970360
141856105
748941027
208024127
666458602
963681678
655091898
710644499
589423019
765285561
377114150
416854303
300516645
240532540
703981430
849971898
571562271
956269021
831809194
712505723
175997064
383011279
381139759
986366834
610390200
929210334
895192786
900650869
324899108
626656454
986535322
690535457
193563465
741077975
704666821
484758658
460255447
173556611
927603078
192681327
802744294
309366868
391500105
361433241
632317948
271378869
684813745
636541649
500347295
954244403
853293582
395486457
222005823
956791615
719584365
183060033
372191075
286012247
284699405
932577406
442071784
315441833
761097384
643929276
401851788
307637441
293706698
463278207
490864547
885687930
854269658
844221037
123747224
805094551
142513006
968745099
154203198
621311821
981048537
309343372
711242147
641680760
410687210
865439512
215228123
726731956
354564544
566007426
472272255
752589530
242933592
981761870
752143536
468824065
667430640
651563554
691975635
725297460
935798285
678753147
222538118
795657954
553909555
925960853
517596149
464798007
410196598
810302422
581335837
846702502
499388493
457019800
451350302
845299259
949489588
212713570
240329620
171381629
397325172
917778847
270593633
835197689
604449206
682181324
784132800
191347752
193837754
721736948
545674618
580937452
490606604
784308866
243424164
487502818
600712522
466920088
739937162
475401977
231067226
301825238
510969780
190929900
732664999
665799725
347295588
928697905
779923257
722727786
717222186
134738025
745521394
934269427
379807368
896026271
547247754
656450377
826480657
917603514
406649577
748832670
935165754
783664754
829301939
470843642
160519746
147647044
317148842
202831274
229902337
925002038
310652621
781753536
108737065
755153499
838976689
998014401
699705872
217934526
196176270
121509439
751046924
961956067
317011527
307844666
438889041
175735779
603413030
192648326
897512665
468767350
460813572
759240274
237530124
395674656
350001891
474454087
112520536
581177965
605608670
133389983
776606085
420182046
375740142
214428818
368874328
499637377
225882857
549586706
130588958
129544481
931835196
967500801
863621734
269240513
671959945
572335838
306066191
522434731
748391466
877132887
826381614
483399727
983162332
386719501
700286955
607998274
645977972
260573868
159396286
688781913
972177439
225729514
834313985
645818647
137154429
159622863
350862104
776489262
545993035
776963711
404608672
994652696
114973075
610007643
592753068
518299864
668509158
265721762
777794707
244053831
782836031
725545768
850727355
788190977
812791559
116170805
939944942
629136064
797473770
567243311
605897500
483523907
944344700
998620388
855007586
243111831
347178004
687271801
861178630
937505969
593354368
341588861
489374879
732113780
206589774
949858371
999769640
794473254
457438121
582565521
208774990
300634488
226351394
334958691
964114859
550690495
919299786
573946402
873370596
246516481
739226594
436915734
410941647
636691453
329020912
607697615
521044886
736764052
964333997
223088271
843284450
272344424
482871473
394981684
364024244
197464562
663148577
164050689
597351836
993298157
221876026
190696540
514962029
455550315
218415011
770614811
593229036
876656387
757573524
503154611
326971362
288758595
398110081
269165682
285976648
665523044
673686850
958455567
265932948
406164208
642817718
702106830
667392015
269488195
989706913
804261917
617423427
488599466
291255839
755476211
268714777
543473572
693205939
766133936
245208967
995827881
243341360
516372631
742112830
216076442
749452344
767266876
114748913
523446036
797970768
180992595
748889230
915550733
259077596
832925207
725435962
327547234
262613915
384891033
647717069
421602745
616901019
349615400
706831131
336808712
611846002
652856854
615769993
866021030
438005441
840803149
366306466
258312842
122661101
935638101
378521678
123932699
750555826
158082564
280915129
177465591
634124458
817780338
240049724
817711777
212651457
328046098
635049645
820012991
643699191
365863336
337158550
589527348
821147557
740921160
394230191
499533005
202352748
995607225
164575278
640851204
877945801
386768827
699241937
621457216
266684345
436316373
509750665
207450679
316635965
145046720
443167855
929246401
693605539
407426887
625888598
450126137
835539406
681923930
570719030
341477983
744557890
126901222
581285226
435251587
556194693
314189875
237081316
419783527
648088040
882049909
487211145
139858207
767701380
950613732
427063288
536811651
997837587
609672661
951884989
948647773
985032746
931680619
967030829
356359203
142510642
313212680
620435223
613175511
133702009
140530352
421153403
114997029
765579008
587716931
995581147
260975919
679708302
678023571
993589305
715947205
609742982
965438572
900740967
785638122
699602498
285380457
172278121
686029954
685095199
712945724
864881509
151511005
278864453
654031582
561534440
764611639
658048735
815715935
895754678
511885575
945639419
639744875
132837548
639227341
342646814
491589106
823444098
328575182
821821048
435187642
407719421
470431275
653588360
352643891
102476192
557152604
538424382
196922645
679949098
823092975
331861357
484426565
562708632
181586321
186848266
767731616
507749660
292321224
129514482
548233354
837670361
545489959
434063178
273831340
271303667
163372210
427874984
650472550
564566367
841734646
535721961
968191315
606944557
566237133
152949653
982754740
452298220
466476061
995398085
317473661
324709302
498575796
983107284
361214201
724431940
414052411
313355523
895660762
363733556
786082831
707080366
450448193
997056927
624661087
600512568
365642628
278672049
459197663
990530381
696335964
758204557
819179892
512246211
655649835
312933343
273087184
247673085
854925488
708325026
303908122
302853519
108773175
955566748
856789309
121604429
157961048
784586366
432736124
626884290
288220631
377380084
757018320
517669241
874593991
671708225
746173950
348006995
916128369
978106224
851589781
542359981
935099209
946678623
534623793
157784253
491257366
233335680
430363822
616602933
339053388
265637337
615738573
179783470
847705149
651490350
322391671
758684858
563582222
699483459
945057799
489692197
467252286
287288849
620590550
625730903
109326464
319468717
257460537
529949424
510288827
789102430
906925448
689585225
295245477
518399269
397911278
514934615
359117833
872458624
639835512
147821184
517176114
269354489
929049733
264799234
662936556
176452500
682565879
707949058
576857221
969469017
447802220
820391781
189427215
796106378
994233483
888534932
446334144
701755098
197129744
498855323
967183043
903986154
320257025
725338311
395691146
520575458
781925790
792586298
815872049
945852942
439602888
370372925
888305667
872853802
577690948
847160651
391746570
254136037
903948363
918747043
978453101
916660295
826808227
601673496
227786807
781381417
731786032
805914872
628447847
436469486
788784734
673862979
933155203
560027584
389941164
290277036
132032400
425444655
231795353
954924076
563254674
525746177
281789883
998128896
849735174
851748283
129801411
792759558
231716723
549335267
688494046
296499818
244321724
643069505
375853696
974713454
413857078
744660114
572127938
918490588
547937985
338875281
412194223
561329868
793614691
946503478
643655528
667587655
638320188
686652325
107059433
454924611
552244775
540849235
259129401
810047768
846663276
273260924
397667492
248336755
775291468
495266458
268199560
469443113
286509051
922504519
650959168
871215945
893307619
587586910
216060169
114388693
188982256
801867181
627713498
752181471
499538741
866589198
592834026
450677592
390616749
202604697
296675787
453471576
835290055
880659565
332483270
314599340
159170730
213649950
216492186
543089219
427452684
480986381
559696510
618454650
326103222
290596001
282657549
943844429
689424827
684940229
186592466
387131143
760197980
278967298
368817038
941554050
756689594
258090610
440213985
489772295
528495977
622972800
149099147
501750362
626631358
690376837
446919484
406680662
222418628
846624951
359523382
341328271
255890573
916885917
135537227
286603458
744866840
181127397
559959022
253907245
525242800
846330930
806311640
940387003
550398610
501011053
280229981
700104704
546846913
510234582
447005406
625440758
308043236
256599349
342909416
498787756
180661956
782867873
477782209
743301558
832597740
881570455
346370086
188878668
195874582
685554396
343313963
594121354
664259177
217304125
289690779
157678301
429132430
276883168
292095508
146692819
596870503
443935711
162445308
144886052
577911243
816734618
376827043
225892911
989268471
977467311
301544845
684533473
513553480
382121381
423926462
993406241
854466082
373901055
462675068
630669167
201198637
321429266
217214423
973198732
941994714
824300491
241544163
476742766
171509647
808222604
818777449
563220261
614022559
532394368
890082522
645382293
770548857
228146077
695185440
833084041
698383960
203094238
103047028
929521881
280996609
235457784
653693576
770809013
876517762
546294598
485813411
701771320
483813336
418947095
980096226
914912374
534759326
763074339
314278408
299002913
697113120
748060975
915362583
760880381
272769212
501362954
103467868
918467659
914354116
389599641
673066322
820207004
531317535
670818166
977658016
593650098
419986299
289329752
849340660
825725875
326500042
286172272
593924867
742337592
702259330
937605671
330489119
624846749
658580553
611980268
577227213
751731538
181510765
679213482
500910474
552908933
334124987
713434473
347561816
452943704
570798287
860623117
868330113
420743997
224756958
478250974
506763830
193886047
750912104
324516136
442172877
837178136
556873379
590489908
406003095
201194575
141387282
368373908
607787848
967289430
417972653
392176578
383036421
555772560
187124132
663073885
670161056
295928314
553678987
674644618
620313242
381160528
136491099
192863156
700996410
967247916
947359548
342072264
922809926
728432288
425829989
254293125
827801602
328539468
564184653
485780934
528579124
128298998
787398683
312873801
757823927
721161032
218280677
333540464
938528722
515769699
874428678
220212722
593821337
458893242
177905613
659826284
191433014
457717810
651651449
164943564
735085829
400657358
296155660
580998945
545800820
840350840
158824916
766496209
706248565
822252937
148735821
534066931
409618164
983806805
724033759
830604880
500442589
836344926
282794219
921242540
473279289
254794305
891481522
281192257
660368498
645106847
911490568
775172601
720353643
728462211
134397054
398155127
586526151
761512518
777069102
433698442
576775344
245560847
523707717
803840997
184192842
632055607
320560055
922325007
577510337
550627254
744355663
715657084
532853535
161123244
433653734
704063151
637749183
807974372
993924582
368772381
781024078
643146561
933669739
139456702
153053883
279288211
665990979
860541112
934474892
654321067
868811514
912035461
123059685
807767188
353654904
205225534
521027999
674393487
371445801
502458940
820754690
129797040
695099718
488554893
647199949
740898472
552261827
453923419
348907280
880932466
996141586
687197581
342671111
994700923
770157897
546302566
197185601
390197882
295771496
911615295
637953646
419052719
220847720
423079595
828054662
380672128
571829186
863051722
228946274
210446785
152433144
174810701
679448477
680754600
995286382
944480337
606443071
788734076
166202198
227184788
759642847
529185164
643289405
303356693
143933365
461650863
595806196
469720829
467305621
227920316
900179346
319459962
474737681
680867515
870247837
921160334
940005849
307138557
145671329
279585186
292814981
570050994
431735343
733494865
728712898
431433326
212113317
566895795
504754167
927968961
311847360
449742225
301008804
806550632
624993477
772564705
891912088
891023326
134715394
302131587
624002732
363006113
425244711
134832269
639484616
832583325
742814682
320158927
160464378
660597766
234594466
520652101
280075048
262126729
680092635
137721950
738372108
578379797
816648439
534716631
871990686
231815556
213772623
489329828
507928769
962337580
618732955
266417887
427935177
960606989
348012076
434743067
593545704
939118902
739588590
976996869
733420544
566699748
726930659
518992196
334614591
903950968
768846678
907897903
332523719
332063187
338531490
952056236
957497062
786315171
353959976
139878116
805854945
112091641
274044738
685937713
872089638
329618793
446555782
557003819
769249582
152318819
909446816
419397047
526417503
724768190
866287500
902206217
698925095
859480402
461379178
672523009
342373079
460357198
721369992
135626005
530797471
580879865
438739327
765557205
613574096
154138933
892139410
209340001
845628076
848491141
153292396
158520431
619657335
709938812
160550205
813288731
483832062
590496933
467193595
174393243
432474362
875686775
914199135
680129255
935495234
214705417
294507880
186735691
955520743
490347905
872612426
312636025
597367074
919740267
377641860
155338955
151843553
712429393
942465145
954353435
256418820
739677741
693037806
727077778
647268638
270792981
179913991
790427870
273242432
597571094
302507635
558271533
409318648
843530311
253087842
673722828
664644856
862965804
259628965
857158201
576512566
235321614
717061664
934890022
470018552
513712325
582772904
388834460
407057623
333329498
610340274
787618898
194647184
559882882
442580354
418824547
388095107
760358518
944743893
965834523
385840284
310520725
995962275
813898246
603669067
497926506
984804431
700326590
377532289
559909506
631449047
193090925
232686516
342530787
801710869
281768246
226283637
236563868
386058777
247584020
912478839
554722303
430353826
394180873
621347694
291546847
501470730
990189344
626716327
700924788
622270604
648928712
957302290
607127079
557130379
672983646
685593008
542397494
371115829
482216435
642106733
769655668
504433903
454985259
192971621
744930822
297131164
562530766
183998928
679514816
512253343
382139684
910182220
512750939
243542897
625915248
322589216
181093018
180929476
139122644
437957846
468887568
471935679
537314783
181438231
796280033
484452427
775225413
166252994
488387179
185316419
500214321
870553754
168440809
758395547
690165429
736104705
545750733
945391344
789594155
325007017
264995375
225809121
568488500
691570960
107688276
978584856
765899082
501268086
946706464
273215940
946218759
808954004
664562188
580192304
765589072
639442008
342041193
681068474
800434584
213454278
884058168
228157105
329278994
504171096
214321428
314416815
258300188
251484513
700538891
795736090
538309073
256136862
830911277
105868725
697833715
428974641
443091326
748969687
853395646
246180602
663414040
572848645
476559024
283447417
826051607
589844574
226523127
502436576
574356898
709099013
837967494
175946468
835748768
849236140
869271115
190356891
176434814
363033953
966697922
402357111
765675094
170125480
907488930
358955463
891418743
619374078
912770200
768803754
924307947
749632240
225496920
557033730
971622417
728698430
414635947
563642140
208035230
546682640
245454343
464277323
387403310
997433612
871608280
735630600
271745566
245799304
383043210
592370892
680260831
174814098
796660239
438559696
688426912
440119157
455394398
782740418
456492275
965097903
247836942
925149270
455892780
714396736
738114344
695814387
733062292
497112366
840182059
164643581
535122901
841421430
399396138
459461982
259753221
927698728
993595124
836834964
717360939
992781333
247006182
888715213
445609915
654671228
413965819
461579739
773087213
912489140
704206000
387839055
631886792
108226232
633168640
241179415
471259300
195419864
554283382
869821130
379764718
134076631
739538476
368244343
934603075
611554503
560585942
332635255
894794598
769375392
680477829
819375304
205052620
905120907
505343632
140828448
193009151
856461154
744494139
661854391
677344890
896948888
128301526
118343957
214631274
598558641
486748943
338540016
903170886
736620642
449964383
872375930
666957530
109079207
171594969
684668363
270505410
283657292
471138335
323959275
626113637
741492102
546523687
212822454
855618738
832450533
870103713
257572031
778465355
431657810
420369387
943331307
541362840
244984953
745410964
395053481
468492760
375248647
766987930
748506696
172416885
878579927
873807318
477670241
659616951
786810696
189507220
501059099
523898951
992225554
170988189
570985236
818999107
825520076
676244899
408406905
867891383
391613174
117998194
268121781
766305157
557478569
458216842
179941143
198034127
614979248
565240715
380412524
201069870
418928506
282100018
509782523
823519170
529400258
117611501
982354073
117613680
368562493
203369127
377574997
507704418
589938902
702967662
649243227
630114405
651529163
213094639
961739315
125662861
117100868
739244490
277164958
500901128
810279894
470794691
389627421
462122157
775957905
108719734
833651588
716228358
614707253
265009637
279213394
607353089
909615884
252424135
786307139
205764674
363972022
162778725
480978545
551640361
823478360
370217000
837318942
206090924
722258323
975193996
889795163
949952060
699411730
489679157
251578655
213361595
777384819
701077134
542623999
711132768
114257290
882662244
169017742
448417356
617976336
349463384
886047177
591705149
193279230
135945739
789107363
394344459
127717670
518198078
115795824
497509990
973016781
101740658
587937394
613386075
325081539
401340562
299395227
127957100
837744724
370286769
961444625
772491272
985191377
820816782
255378281
418821408
342581651
576189024
328205740
610046292
663394543
589414608
131869129
829473915
897311622
819704989
862738250
787286226
456911741
139273716
924955275
869597682
894467071
119133147
982667404
667728847
366183241
640274776
816348337
297433981
677323891
752908366
631719991
687384132
465397514
556420525
248378704
184314881
121074989
927652407
761849780
654972950
854537775
311709732
147394808
476456953
283991682
518791801
998339382
367694847
130669629
988306277
304064839
288961758
477968135
957695375
931960908
218599316
430250563
944896220
174528670
266366926
295320562
665023666
492408311
386488726
683494544
979735339
492835505
799534401
613994867
832860608
564702107
816287538
193782551
781575984
486295441
537923797
853402492
819193466
707192162
675424898
175643134
568423487
611636040
661349786
451960803
182234756
887065455
267917085
685131653
662621601
226166457
219395905
914447692
768374088
628085656
189563613
195326191
452986635
404978813
445599754
137175555
160223488
395414891
376673280
808234508
823515723
556193822
235757522
287773985
314520535
220881467
437790494
920765401
536356071
982493581
613461351
997247824
751920200
923303583
546950403
923348481
490766174
418584536
778975380
925823877
107091810
935898311
625350899
663043730
495174458
613548359
690723993
561999906
115275165
353140448
419942045
135936446
578036362
303483741
138179242
160356324
756751593
626115361
237329027
649582637
312525661
636064247
358764185
602285384
895169203
194838058
274362985
675996146
835960535
127298788
292279700
888097740
152999432
736218144
224626759
965288991
320530336
528801307
143850172
849675702
659841316
539131404
914901671
786814876
144084305
553708240
243702782
978659677
993344128
291174184
113528715
930802322
819908737
326592839
613859065
283076965
993050898
455960313
446050759
596623267
969796269
405810886
395461814
670096919
407046207
924533433
635202958
971033777
310867509
585577530
626817340
335576964
834575063
936662445
810040030
980720552
318705021
147730438
502061094
964627793
238544021
784429557
313019597
871043877
805926180
472757384
599705573
206295931
594811160
455407144
111066240
698184942
545439565
292548256
247820745
140000121
343529582
774693253
910983472
216817667
313548442
452602585
841839510
795045275
378581019
496281770
616478487
790799184
220501690
653778810
312476914
935155563
798430309
283038154
611058794
282795592
529424114
522720549
810220318
267085679
436029334
989098422
896595695
922140984
294681022
185449938
577706046
470873001
864612863
516714770
594062394
283047824
468720393
948610130
979469043
188694768
155914240
607398870
867611607
888926400
796469954
940063150
968085140
387734221
887124015
449204970
175010477
121911630
938842798
280821290
440417063
300822691
493332056
423200870
686440591
653188200
762473846
235895145
918453821
208008978
936654904
329873973
730504019
354837589
325547584
323658517
783503971
913168107
443108714
160042772
701858448
373561158
248033038
541205493
263902165
406615745
879710424
216758661
165045243
560412550
710246618
928083644
606435893
490454043
943118978
934332528
569901836
317385011
356614277
157098987
346708345
589832927
910751626
257097006
689862062
310913378
514279502
112252918
220798359
420657214
435467227
283210378
477407968
121146892
743540942
941735229
271628963
382039142
947732655
289292262
220637977
666267257
632381112
161681944
773795821
444796250
599254655
694146428
684829410
306496774
650908170
831542264
828135427
179643209
953725134
462956788
343798990
314251158
472403785
186440576
523536345
264627368
591643372
281727112
822765389
535940831
133456635
907124723
895219872
858215231
140185735
551121118
787526511
555516087
983505354
758422330
503934733
492098653
908466391
865253091
376177687
372205843
255033034
765476987
374623000
134913867
310728216
198514138
550304009
663667387
778916333
672451219
326528661
161979057
119162886
276089807
377591839
832062176
189181479
314887429
918412866
366286582
727084404
228972346
747907411
130537357
179145828
250095357
465942354
593381104
432275589
269198051
847250416
970912495
284480391
873608081
970063277
979523280
190958852
295084976
511702446
358549459
345778647
738869165
245278596
743452449
482510562
857130815
759269225
564492398
662048758
807653066
535449604
430953201
579911365
922865559
404734590
263509028
712445293
319567618
908559200
170980250
461824088
968856035
921840612
447462798
451850366
516204236
628903435
577095769
274069637
810087978
569434329
901444320
153355852
842634211
164978648
498625323
689122180
172546980
781096774
853845939
400767197
227917797
718173262
718154873
950284260
576370761
280260707
747025053
832587224
482964493
661678344
881698919
741727040
343377282
328713237
844087020
932694579
649352864
743842367
565767723
755938617
362327960
217805928
118648901
131402848
802384357
945872639
571063596
161838145
116250843
879157670
130023314
226158018
348457465
540097094
318017413
108532852
170294643
451262170
227091675
192443462
531830397
526963126
325203206
918138315
439539964
414789985
630328756
942014140
512654572
523164247
306004182
385739343
716378906
300417078
880632405
747947159
848618143
219640359
252209053
665995630
843566794
770827411
556540619
937884287
866293939
173999352
715929033
475328647
430550528
731178123
775309295
460290788
466365269
685689146
903019632
700797713
145913804
655589051
799394076
317497697
924881568
593688491
527929418
782267032
429170254
469020264
281521196
399340770
627931793
433818006
311517802
514301889
727390769
810556904
275231966
620487183
169182554
508778805
533290490
286192088
253030628
320239478
559141242
141833280
691356537
377779944
257334736
814060410
228673041
120534306
349676547
859989388
753507733
151425664
456864803
618467032
262825495
450862223
974537892
748392829
733255183
131036323
383996594
601121868
620360750
282035809
195380905
793703514
858702944
224696671
691934787
529431202
642676195
875204640
437875463
390080706
495195842
412594777
158453788
395137718
649779188
690205473
629310616
566606318
770129952
143223859
429223399
201844036
772167202
152481232
577610322
590019206
819994605
218361218
537584645
242828761
103525908
273381917
171536506
280639304
967976495
178787938
346647083
186989964
419030757
678569063
960713927
647422682
287219700
661739517
369434877
820176652
146627422
118100135
536987994
585633759
726498482
148268754
342852031
319778603
979585602
556789159
658794827
516366827
103282602
664539524
877980441
257430127
659647973
268576937
300774900
954020935
974140844
686823709
817578123
830112816
219169429
382368082
722408924
329728812
382877262
105933559
117060843
574789944
991386997
329241932
360849767
907418738
749541020
686729644
799005783
534427370
644141916
147133738
843862828
874204484
759944294
660739738
175895364
684779940
764230508
241163455
579292281
820854965
709811626
571595549
437572594
500168480
878258316
926659652
762093456
131659156
904914386
621031159
304375491
441062006
349552294
625210739
409166253
522831816
407660248
824345510
538744228
732121491
516260480
276556760
289514033
581582869
345239303
862887488
590903534
328531056
850995952
295586713
269409246
625948317
962943209
512838354
634379904
545625548
906612509
149626891
450461868
777885471
470126127
935386907
257975416
774529658
808106232
379305801
213086823
985430787
922097146
253905494
834995308
826592514
977511213
535615946
890242503
373377339
505497812
835621190
474016044
367221258
641847705
235167472
720480637
383692862
768559864
549695001
709821992
354716847
997395165
225087832
535058120
167561770
815793465
398495389
211777440
389956772
934247615
308330505
302193078
407747476
277179594
317814171
308761898
714597371
577003897
652442972
581944406
622471616
541031773
303673547
429719517
783358843
410038552
637609775
404214853
285267482
450053535
962842404
547353846
214200610
349968624
727969847
868753987
358653696
842006350
977116487
877742791
800710682
741811400
472504365
683713327
827147068
791457662
841174590
459810013
302725796
970590167
834580793
408285617
292968018
152470684
486194889
898352299
509884640
984050090
482469046
761419118
709884292
291600462
155060079
901706789
428846571
139754387
397325051
864356703
965496936
351790699
281090990
475847118
597058513
115175608
987520649
957608499
923414099
358493463
409740373
408569728
992978177
322271377
327588498
620448595
799592711
119237582
365440273
320367010
881936614
638994171
535446985
670351880
509661068
935364118
761755652
433597597
317329946
754177313
416871891
748450491
660246831
337410247
633407087
963340506
846032765
546664967
170984160
116311593
881547201
713354208
574389908
730627465
357655814
761075212
914546177
622837756
689567955
510193784
709877827
509745166
581599395
806180348
629381915
411759438
427246934
906673741
956184883
686001947
334035203
963707304
642542072
477886530
771272566
109860661
171052317
305799497
915660275
834267703
714825609
171647225
900260307
639318716
559221833
816304639
293273485
666338075
734209832
354021559
299166649
363235195
906733208
869028841
538325091
475302643
693783840
261033044
856331136
480562593
931286690
476886947
956571508
279075752
558537661
334647836
893059981
316644936
759899432
421699728
709715643
491285002
206201237
325192077
139641815
758670349
496900457
995463195
426570412
872990282
687983114
345393663
287389372
471602535
354137006
408450582
446133414
158760860
439234563
232101575
908959207
366642536
986065361
487026813
903717145
334566736
395223009
711582060
854075450
977532385
788307342
207515856
966545641
521896986
975528198
606056127
540612761
107618075
133003728
866896217
327486560
965377861
211931038
976161866
735911646
966914088
961271031
964231589
820578371
182384217
266694554
117245352
329692468
964929009
873362796
737363131
374737921
588322152
115540759
639269151
620007405
590410208
506958826
720964821
950486856
957701918
379397991
544766498
158967662
350609143
184620857
219361258
628451209
750190028
475924996
439533363
869133158
260317390
751044468
337207985
846550537
443223838
106795557
587925539
997304318
490133190
238536998
932970976
832867008
797914384
430827213
722350783
269305034
109938385
353335777
824761410
342887228
875778582
491084723
582898220
859969506
449559428
654249696
982782430
119331432
702096534
358192871
179635282
955212173
410104370
733427946
619137129
837912399
368454206
104210915
362073363
718424039
731588160
797343773
173968265
738986494
236379650
509107300
983734975
744958998
273746985
590395019
217522524
579783197
564615277
537277461
216924910
243176661
752294537
704828996
929912420
469547579
366983892
360136681
983854777
792850229
580127977
659499924
124161040
581193987
581884852
837814058
212199752
789941557
297394775
313451057
244729479
972954341
842282163
154986333
433696807
682013575
816451553
630564674
545730659
419921062
916907145
226957832
708834824
315775100
346065063
798355967
301931829
103007208
346310121
983222192
255988171
862870717
254026458
914846389
493608448
253613666
354558108
490572787
246774510
897347677
989355016
847226286
774392352
535927747
581123751
435560294
898880897
760172963
201267038
587298838
181757649
396398193
192311251
988246519
416040725
855094520
142623927
298854023
835546475
776194363
507725931
412966340
486929945
125897146
313947184
144264595
901255590
516530472
478990880
766445661
872332677
620743277
271519784
442246577
382939266
835035800
862514720
881560786
735131442
448548172
101671429
875139865
571663585
641863419
859250557
886617099
786550399
685408441
170077486
330734219
780284988
496879850
402437859
981435967
185136016
488098282
646972874
753914849
887781783
471499940
459159358
994460898
713866343
825033191
382329560
591057427
654204300
748835394
285921730
429272133
844873051
756997538
838336856
184510482
559810251
225322552
366560505
521615494
860134736
221666125
394483698
526132044
881346700
452284444
865724879
232884410
638857561
407947615
660188272
842766333
304316715
370286537
106013557
123682350
747093805
342087984
141875940
493205982
990597263
385906745
525480754
619713188
964899766
208634549
737812545
447930417
207186227
843580342
225433431
249415693
941843632
119573778
977046799
126921506
318509257
679936051
707353196
848063484
220767785
251854400
298520908
930429576
494452139
847243514
798892759
112482392
202188390
178710892
129922694
719641781
750246059
572267389
681182060
616439115
654756915
936724669
685026379
116451820
633161753
878860062
829074692
754776924
363375927
314211195
723914482
853189949
978341828
525106101
946694130
170853320
344073156
849283348
602218647
947930315
774404525
425711840
722181345
924711984
833895443
850886098
937734911
717474580
416385358
501465113
996360779
689958025
176194945
107053447
327210368
336355422
129968996
412683924
144804007
518898145
950447580
117194964
484225992
127906989
132238178
727877150
896267407
824902469
938583331
272897253
897959817
702639043
186430685
362317145
431300568
807154507
261525196
859817026
145839068
690902896
996882635
307904560
915478298
657117193
242096660
570019336
930674431
630605778
987655471
645898503
309800598
110775699
486231241
304608453
415762422
897374902
549040616
850116858
202122259
224325909
520958562
998757957
146254872
780162285
862583402
401415790
518170605
352844436
870607066
439234930
489395588
948028703
615482217
859161928
240880345
543841782
355061495
374278324
104436949
666110567
823827861
608335005
331271325
549221548
955323749
871176931
411728896
791377703
554718302
937798546
498577874
469339106
309800117
919711224
732076068
660950999
852190333
236050266
765274764
852073622
154616616
357598422
124625921
374887932
733234549
270445954
662736760
917907169
434499350
445166245
648145487
314586709
302307267
559427593
446924757
675310844
235896182
790433640
135249900
777621243
707259696
607861772
587534906
749296934
526692002
982863262
578359529
957262997
748590009
525951239
501648031
160936187
878022451
981336292
378605971
793825380
976722820
963177823
825449560
542412686
888458328
351796189
501967160
227516262
769934393
788837270
689355704
930797327
453200298
304252312
464180622
884505112
157233014
469417685
758782844
137500284
260592419
576662485
709662415
876484026
421001494
645801963
589133477
408387429
385615135
308935325
620352462
533642897
247611918
958799853
520762973
295534227
916181445
688461522
553839747
860855535
365337174
634183539
167443039
638645073
479482917
646017368
849066039
799842684
492306375
209464457
482870098
146036238
143943460
154539460
625262219
322151797
371152504
883688650
185235593
879933850
712355095
603980812
494071530
830545024
281161709
142582341
106729498
450451389
671208740
336204415
271330705
495561663
287914343
876863317
435864867
689176543
422548603
864716853
488823791
746081784
826531940
393398131
453027439
539375661
942961278
566218982
964034871
157670988
887956340
343338479
124668624
913708091
883510558
596915940
764826700
989287589
578860826
721492264
911172907
382030419
150755517
558975696
241818246
392716884
583123130
618012830
840611655
292109783
429324485
333947737
782158225
408121918
948941691
884752490
757964069
811006460
223536909
808440084
553374435
661109169
895792437
246926892
229691454
432931831
543217619
417694408
684623974
557810630
969618485
112037782
365014721
944995333
288833629
350969766
616094422
680718464
784293344
462427099
222585013
285218780
813999995
789871831
808279621
193817108
836576307
945023550
810993375
976578494
787061377
107257250
526280534
786973934
508099593
450062616
404890987
253065919
110790472
701539158
619959408
400967117
704730035
344664080
741699520
397322595
343086149
587470406
502593919
592873856
340631444
158823025
532350258
540392105
415516209
356507449
177751731
323984197
140876597
224938608
438962255
216918770
365713304
953850164
910114277
288313155
962390820
434073430
540384311
272397094
883669853
847500950
268698926
619613459
583792755
314181864
208381805
700277901
981441731
751410644
233816601
455555445
586589944
266091545
795331398
448497067
409623514
465256225
191732213
952520448
580324556
113754255
748936189
114013814
203328162
735645200
775540396
569271041
684312878
828403592
255457549
353192698
925756129
460775242
848288264
879539647
269720636
819724497
579577502
171582318
550563837
665976533
175535312
353903843
178378926
489858722
361065471
195177543
416170308
154631791
386859424
511027695
290553611
726055674
144404593
816407291
456404611
392530700
526077563
911716908
113950819
325213388
758602059
458132675
597875001
172001255
388571342
419130639
668787030
634137418
258351094
580425179
921117253
541786569
848727610
930550365
392960884
157564298
427779152
798030123
832563295
221809138
516493882
683286072
224034747
814169291
586898625
768574704
955855902
278949261
793095800
690119253
497077386
634638158
216076631
523227756
263705944
546680919
723349323
300215045
561115056
224839686
806831688
843767924
451927477
586357142
395696846
627719654
543437233
822023972
484888406
544477345
940563739
297925153
152033765
252805736
803408508
220716093
462497554
142817040
506738932
301001886
297452620
747897639
213982340
333886919
796246312
735789811
250092879
415238599
802465035
765811724
117730365
313869410
319433379
303768309
435803285
316203677
385861212
238561447
784137035
659907737
978064028
840130053
656042933
419853017
411961648
976064764
462988408
336142076
743961706
204766155
393348592
315673524
385186586
610403210
219196683
189624189
210777743
384451709
838555440
178475758
409410862
249131148
179979707
507105426
750792812
307237815
923032082
149355213
751717635
556816272
152123494
587675260
285349981
393259711
373273165
778626302
337868625
316505827
819110261
712337689
889677868
585332689
931183905
867048079
613700602
325294537
932175161
403824169
878941945
534685917
703728474
986007599
237593323
678138156
950544223
202190258
815174883
491287875
559862531
878123262
599220111
363744688
290227858
933178038
296432583
957054436
409732706
888431866
613624393
259364752
367713378
235971384
184619796
265654975
239902801
264952516
321948020
694684310
814418631
172080416
859074139
577111129
796024481
306138993
779772406
839987435
818587591
987526379
303984556
424910661
432827673
294539218
320542818
281370709
291558951
739332353
423607047
562476889
971848259
171933814
298966263
586224808
606954099
797473394
600227700
918224466
110029726
940053318
498884547
380444269
464703420
383438954
706030163
413258156
458791492
797830292
947215395
405287112
731765316
162321362
262381805
535385593
119427742
710896484
335605622
385948586
614489717
640630588
795544412
149516322
328468219
850608450
167279738
561208212
215325551
586362162
364118240
770499217
631436816
589043604
117003185
114821119
449296242
924051008
327081974
268434726
105363117
627268006
816046291
939425308
145478999
350557476
917403875
981466517
252068259
957390855
160932253
534374542
977665820
739172471
711674246
990018857
354799914
203163612
299172821
945555931
383951791
194561859
851156933
850206472
495936140
202681991
517415341
870684335
309998568
296920520
157959705
943526984
342650191
755680078
724626900
432944701
471853027
523934608
928241658
713430669
760085491
967211362
181037431
573421960
990340428
786137761
397111244
244854614
228278527
259109844
336573719
451166050
193200036
174185192
951890946
141230443
297329736
580936644
595389255
868683889
189337613
261429262
246164042
465441109
107281828
990886129
450499806
719687581
440316472
596909742
761507023
761962728
117615081
265765293
226355481
437993014
758200908
445074009
632030900
266671943
755404256
888321689
921045731
221215379
556674341
406666766
355896556
843834905
546044222
155248215
286814424
731221366
732085665
146629724
189937110
142848562
915740533
397424467
241903946
839705469
325478170
225220983
822000863
297824084
232569426
654914824
361854138
333903304
109372799
738963192
126627894
189362956
367682264
814201285
147124673
138460169
180802588
694201176
158802737
931415851
292581434
573016710
439895228
871781434
158019544
605745580
505557342
482285930
549586696
789978437
179804500
384175717
433097591
930335369
616181438
187105424
732575154
790453756
276960992
513554960
973630299
576978918
519550577
256554405
416150771
367376428
778628391
910290946
122675323
549279587
140662997
166782738
649515885
929229229
396848353
704412223
919705412
250751956
306010973
965203253
376958473
442345908
522786473
277360465
758287680
871078187
180909127
769712645
197600361
289940450
559840054
371323354
182705812
874304697
102855611
885031200
829818485
779852447
447721562
846570370
225036949
663257477
209750133
532532307
841222771
603351353
531250533
327075195
698977343
189195546
162604678
131805483
969005535
829728820
256994196
701469843
715349724
993776227
467411285
446350003
515655298
553918790
420106112
703232125
545279159
935265720
888329558
774444366
452678899
272381886
126455196
248482329
248327947
173713838
492118023
130288480
146274638
234546225
669751264
650488381
177197715
545363130
279883294
891921363
742151099
374980265
442612150
633184700
345623984
671825965
399159388
586796897
822462644
597766772
897780882
860662382
953448609
530655788
681008404
644903821
712415861
219639816
212753676
700861748
298481091
720614916
505962400
936389436
295924172
878525701
679407176
813164929
454805810
187524447
376734792
905057239
673213016
498332839
777308015
558863539
549831850
182359442
409662306
342705813
906432229
164694939
398606254
797494451
432882845
178154327
641106907
169321416
809271908
978115124
870384614
117556031
228216503
477142601
501459651
251202630
738245272
648260307
491848419
432007960
691583987
666030985
843496693
642905815
284695677
583266659
267826825
147915379
689324126
545530731
902249173
815687733
787001460
957994201
563320441
736455470
746725649
504615062
548182424
176290379
749608658
712190119
996295410
358126268
219115516
295832779
257082976
220013138
942625693
818202651
373102526
620992949
251290329
851669861
777737881
204628120
610511152
778285029
181993349
546747560
399709367
714846320
645320484
265734772
422935551
971540944
589315835
188780911
671810521
708001218
920119385
463375138
643786639
506942250
665785499
133072670
902012690
234857298
164223628
477852743
662327715
922656688
181648701
322718023
129781609
827517433
957914476
132968402
420052679
406264631
114702677
178045109
492277722
736818791
651883155
613305081
715001372
897231191
619578846
895203230
491267239
722660514
678124471
675878919
948216713
516068566
404674013
596746037
410409648
174950662
579356188
391718503
457964105
918841582
449808733
686997859
104143372
363817599
117937780
217960692
789584332
573554626
912620536
674239031
875378333
895322652
167251342
465850750
641007323
314593615
174443113
278116789
710117379
445487169
328037349
927966278
570877401
944630502
612198642
926570323
853969139
945386751
811880246
501708697
607892801
274980025
989998595
574116089
503793543
224034795
468928846
911922607
869570775
745750995
468461130
517928640
878330098
927910587
837999312
440161205
823013968
718371573
366320655
168441138
687589960
726780878
590909958
692543148
995055791
599943783
568761282
447430934
950756232
553666745
288142460
247197796
689057260
902527478
815123810
320131041
415825028
147949641
230786070
146974873
335098007
601752090
509930796
180277503
524480001
995941846
601772066
375707981
111165034
221731600
794415323
340328389
149895610
640009763
854160021
875698934
543414370
350301988
795255740
748865915
870889165
532004740
858776160
539227925
171457676
876754346
507328149
219390138
423871251
618534332
457655583
665617730
850258112
341746654
812198980
734869709
187759522
254477372
654253873
790750017
180516705
773848215
253140823
383149542
206558536
154038571
708961385
328883121
343700420
156110789
612721318
761546182
947818950
942412661
374375313
559795598
853394104
464381122
274342928
248384993
658200998
604936328
623007843
229227435
281680527
522841281
171630754
749575307
157696832
409294937
840360981
889844657
387285553
173864229
908694643
981865710
615012373
531792248
831806722
876341425
914937854
995846015
726189557
234815698
680728053
391112327
618721785
337190797
744352168
726147873
861303411
650839907
517388008
697154089
161030439
518056059
296063053
607668733
822835133
116572039
115376540
364395304
805936140
415056797
756908462
527984776
865968559
465667254
174995125
909344341
927035177
386149739
766847952
317116448
642327099
152619787
612639731
968858171
149821460
991545003
777331885
454840239
134336952
978293188
335666630
703557391
683546551
943645276
806881326
364267481
291320384
469128247
931275624
695509370
966573349
752606271
317188704
518994317
370796961
970644319
707893974
515578622
784535624
199186486
835927752
113638212
321395073
116622392
525764150
921887264
742388242
810989096
708158961
865560831
173570189
162144158
503003490
501144898
978340873
395479463
349489693
678543343
477153555
374245184
722231378
290774457
569631066
384790300
950176585
919844253
308060404
471545144
657131064
895782858
675045995
993683145
847257760
548013046
185957241
788068452
324310090
590724851
924917624
630541153
943580920
781243065
323653205
923915446
787936370
125641452
901231278
735208853
271315572
902540489
174733078
601528870
945017047
332664731
312308838
108590736
187956495
980200777
461132199
757679178
844224614
380658135
801727940
630978340
356705953
616024172
430589920
592161168
682547796
331775532
158534670
186600097
735562832
723804330
227954785
382108856
102077323
639483673
758195721
264234731
134199736
778840835
146140902
927267822
422770722
513158985
928500201
401614644
771268671
532630067
834578772
712533462
894805664
560238350
424601269
675924301
623944268
746149854
104967837
565877679
375918604
511252643
282616930
894386090
638297790
971204850
568484245
917402216
261898219
138031785
892378915
714176618
459189008
732802593
554521143
302898639
195678709
315094268
120534248
403238471
446303067
652778470
311253715
776351409
931859803
849051422
537645951
585402603
252449361
390902190
932885997
163609188
910882587
324114705
162461545
288909222
629123263
566124516
408189520
255129912
703248996
910152095
399526232
689617073
349398170
687223090
613533810
298653844
224154364
497625410
511860448
928277088
930441115
732842372
821662834
413773432
494642218
331486012
805614189
391479700
608402448
173177391
541245889
906456191
812875957
218674497
513721885
901276671
595721387
867556695
939197115
325820722
546545315
702609451
364041321
251458097
740287671
638625928
581332070
660558846
367092852
202291321
952184266
340005907
971548945
712445329
430783888
761853732
222157884
413078135
929263202
930695597
708292478
658282160
828706339
265004020
907931816
506239656
427065864
125873345
151241857
297863061
268442809
439712548
908944373
230392047
997197795
693141927
566335079
848882524
123455777
645373443
621796630
941791455
619853929
195057504
646182633
358842996
554591582
762204421
537201985
384380985
476571530
934577764
798101358
905777309
273356499
881120834
792962730
328464261
172966881
691405644
444561305
143230046
674861700
523188780
870609227
621694994
602347416
383604194
465539946
708297015
212186374
901656015
711740335
207059244
332654501
641604187
238171135
178448534
150965354
141995994
956848869
840163822
694865073
966204060
699480644
384645663
537016164
414020365
398031448
560697331
443340711
930972624
851794180
642514102
187260147
819939981
639059898
154286885
274837658
573203107
480691784
955690533
312734611
371012405
798926445
951064258
415461580
716820502
127403395
434847834
417870813
330978934
643309536
762575539
908485078
625759680
672062682
314456856
625798979
354797009
520553974
271141173
237204968
681217050
722701807
546378743
669109550
891113639
939000622
394546478
610493823
824668176
973089106
403001114
364244615
213065656
307672404
753898515
714675341
626191155
872246446
521145764
726590888
640080356
645550763
649670280
452956887
263999707
442347933
115902355
855368644
535209271
744109722
833842698
704784965
405544943
992648122
762099586
476759174
188575365
194001108
688832875
441626236
139271774
994108031
217344667
624170779
876812778
519972513
529098985
121160621
554960861
585082696
961008809
719077002
454836071
496397954
203032381
986148503
823831382
578090670
564932099
474020971
249985408
780082271
875427836
719936013
290451798
809967859
166443299
450618789
266769159
342345842
285830864
684404298
317924198
398186090
361295603
824000326
430301534
654219484
198736024
570982486
740177591
490912899
477888152
827489542
472953858
118931664
740729514
212075005
915919645
458371474
660304062
585182527
696010429
763568607
617961827
881303640
885784858
379322182
680053736
792054306
122173840
416360050
714537309
221668687
437743211
835538381
534347324
243290763
624902652
570266799
181687503
700829690
386662557
153627953
629078495
998985811
177168513
853772134
399857897
679112040
707673779
731139100
319077784
596347315
232541530
631310625
195211895
189568530
438794518
234565110
264288940
466250755
677612358
949422267
259706098
579558593
193811339
136727027
215550097
525442763
590041111
825638722
996993031
460592713
950014212
231018798
393776408
841712377
467910668
620526299
804210048
666307626
859336768
135283493
531277554
490959578
122859617
818692043
938096818
756407793
915140680
535833148
362455007
366623027
805041179
995691625
305696619
180052728
886449066
264493603
480732170
293396723
459950563
939157032
546747409
478296844
281784303
938822606
619706403
455935020
242138842
835133605
362119037
794437055
505697523
414301395
643078978
662219435
541544942
523031912
632572077
806414991
687715238
917263568
976186806
902018930
996493811
210140345
419293240
705450917
245222858
748909867
974936663
529169886
790069856
152632015
824414670
731630146
510026266
363343507
965697219
234546092
396563223
996642926
299592023
678924979
461459562
309187721
609492509
889759465
960157302
959514068
242072654
793484311
697391114
552578780
784710911
778282260
736180908
135537906
384873663
943789037
534842219
319919222
782700702
907300689
122095365
143889124
561393520
300587800
945862966
455527185
577181361
138865387
187095322
356307856
580094332
703587816
425948341
970155119
355524154
381279324
692069763
638370798
735177454
120151111
885520724
711167719
143620693
658163256
116705412
377655880
514851442
863070959
262391950
275731713
224959212
535978583
969639739
715369575
251703349
669588875
197621163
242928023
621117483
351374875
297168697
408428725
938705503
542625458
429541098
786279948
355628804
535636970
374637232
253364728
174592268
509029975
778891463
639116539
453039517
607171507
102390976
390579823
604400089
587333188
294658933
599299801
600090057
803624896
833606487
236474218
865309437
714081087
483326203
814310170
658485343
142281292
241589812
982569748
944768785
840981836
559408071
518681689
575710987
916270072
442507575
807400686
955537950
462543125
834822718
747834661
533300767
174091373
519697223
421618200
759183093
850712603
284961293
147729400
259602411
548442949
864728398
126425393
896005281
646552539
227774860
517385993
967713227
222360332
595500509
643977194
725036629
749534287
168145436
109603319
858177422
323177349
685771997
972642153
404629974
882791067
709737375
384968726
675699649
898309897
471109873
284023594
589416581
198921674
192103448
575281221
100612005
686857997
476168571
428703938
445561325
111206470
400152859
967347129
481685181
131572873
708391754
294761328
961578337
884963409
316155402
607862992
824324718
732663812
913822191
169006059
286857862
232936464
571796362
292362303
582668433
669693760
247640371
205467938
822892837
144231592
234499028
148017769
936230756
734547716
580865009
530489828
463161457
176111942
504989456
429005570
772552481
385132887
588329593
458694317
617831446
864927328
334988802
365465818
559368696
813135493
597114540
579759388
913116147
358885667
761783481
786390105
779996445
472530616
923613829
612743924
128810897
160867789
765895395
243398625
135020617
215966373
859318503
286315497
578022977
212498369
951149907
507086057
858852406
748303456
860661386
828203815
237234432
705164021
327928115
474794043
221606662
177896502
671875005
328820053
259873004
870267614
358427908
835993335
454196944
236123275
370387078
263451472
251093616
392629321
473342444
943107773
466432772
831771193
202898894
164309904
190411058
565895467
553754723
271075197
399555935
282181826
482536571
923063430
772493942
406106400
225487059
335093829
188630600
637612884
461118646
288268964
693381948
947047619
964044828
868128127
371493690
416223131
943086230
471446452
285701733
850270818
295277104
288581272
493135229
325325084
296341916
467406563
973171724
825641976
479110540
415390028
486830811
138659048
253244431
127466483
605960040
521106394
576668653
957508326
850710184
921300736
732197950
575934914
972784706
119966185
906752597
509804535
157162194
895127441
610247340
722368187
123461559
326454212
585595015
154603739
779824240
822280534
986733835
595669792
689072150
996863418
277069532
272050056
387627139
449295417
102221246
389006218
800816298
536067947
712616579
567886859
884242161
225478002
178924068
366216286
641374003
729319417
771383025
318728789
235923530
451333672
480251467
134740417
324644859
719437955
600125943
815024726
361510520
833962847
754856653
543014540
363257436
205200009
407537113
657243205
108123389
728709723
138454247
314001266
593079520
161799198
380723679
997215928
500468122
331613742
308321689
329715517
265815175
212205782
435130510
130345269
832175225
377736129
389746255
387778374
340083028
471363472
563491300
932439338
121750152
341180336
171567468
234316219
158622893
603607880
749293165
582429182
595888008
431590709
581046036
397902982
204318071
381447155
591484624
976252176
171117270
106101112
946929849
189422640
234654974
457502351
877837929
319530504
501888871
888894988
290073771
113192724
738218135
173533957
896952717
539575004
550328756
879368611
914895351
626666293
992194973
666011711
376694336
761652065
898757743
768427021
487886285
847057414
949822226
153647502
172555626
262495836
657834221
946731265
311394105
376192247
947331005
338802621
970251272
940145430
194054395
284667660
614187084
185245127
785810273
581047907
420977207
771167761
286825301
344130226
767321379
247319497
662919550
596544471
797815660
338260661
115713884
317529797
429662584
360054957
778524926
850451822
170617165
465971398
157948400
215966572
514509503
790185152
553421637
170848043
823662831
503885132
780172884
772050649
168744270
930635685
514276726
601915879
954671301
491941626
808708862
648305756
486819026
596322280
344350142
173793999
475460216
405962372
513514331
300452488
631757624
502613996
492137142
504463230
869886611
831696329
763328517
869869316
936462248
399616456
914880622
373841036
286958844
730971174
773327319
337765543
519332490
324569465
855207031
189799902
622609291
334973700
869013815
430168465
326887160
197424538
567260947
707455047
657274954
743727937
569005978
262792398
650437394
634253437
720299910
611670379
624145228
225859645
345287688
395195419
566833814
190836570
513174699
517603922
399480153
298550018
851917495
141237764
997915673
917410704
744597790
868249581
279477658
425483321
144169329
633020064
956461936
333517064
435709313
216896570
191548924
987175782
174438297
394481165
929749202
226801156
989929021
885431559
886396790
199552768
374642523
594103391
860202745
876271830
776285035
856013693
267466986
782351032
555640715
282372893
390969610
411062624
152548365
493200173
566445362
297509653
229304323
919636110
718121793
188341638
301140021
447643539
908924736
565269335
174403036
306548203
502489705
944387409
833097451
976454375
300386186
881741015
672800138
743564229
907936670
739388289
754284753
338562197
273971448
987193196
370904542
199999577
854346375
957313970
417125232
131463916
888752829
103402884
872729637
833943437
920588776
201133530
439852450
347423604
343977233
840043414
251777342
521976297
948151431
562876811
948513228
954365490
980380179
988150751
193094609
834529538
782623269
856312163
134400095
428434655
561341770
300981640
916446008
685882297
740132126
130286844
933923387
369480948
700119474
616005937
307412527
123644985
259366347
198275749
189772505
540342420
704094720
145256434
392083895
145773798
788889042
726225554
244468890
410798687
551757099
140276903
918421881
810768252
524332885
457294688
868632721
830802965
946049863
534136876
440944962
726292981
640026866
211920947
225528391
486810294
171650807
621488849
156684918
815098336
899381230
225471229
857058465
476279974
410842923
570558793
884390580
323556404
105052637
411879213
102047827
279760497
381845580
900362873
458404157
138122938
870994284
406662246
375726045
775802724
546030451
840101951
593189902
150715099
517132294
720323294
975514591
888843370
243005214
479465842
347479983
264306205
181709592
845872389
160400707
898183554
611722709
220989395
890359781
662122429
822073329
687042518
734340903
923645175
972294135
319355118
263714477
484456356
799801639
771646804
365494362
527245666
287501369
882443232
258353266
221304120
711936813
181973473
493796317
358766249
485959704
208461090
777697988
983774042
491446736
512715466
262666676
294099615
518703315
913257797
850805809
440570627
957417020
146273052
609596551
606837593
701228166
969792898
670270867
160444117
374293685
647715935
733067831
609366996
835913199
593911881
774325866
283742052
890346846
980975453
282191620
849398972
519526672
848927795
453784484
895013852
654595907
751234814
298151212
789777607
589328125
719181741
777798936
422808122
669167212
723205057
784427347
949726385
414064896
607845136
464272194
316076655
660532944
494156973
394730936
596773431
205552677
823725865
531220851
817138478
891504410
826863640
203152787
898985979
601121483
610767354
958257114
354626350
790635034
451390698
322456744
552037870
426775659
969420166
751007888
949330250
742544610
990582125
521603477
930527170
275837950
743870485
810715128
380774438
918037605
290732592
862391038
967752315
737112610
700489076
225648878
884242413
114372481
552431875
115988890
340907141
885956527
538781911
912856538
499203136
422111334
560113738
617967801
235384539
827843483
887499758
234403120
253173325
288941735
295009426
914263393
213771687
603170567
361330000
994789920
835885724
528162518
535250927
698260768
497705359
252186766
665759564
750294231
635859194
878778650
442873666
889861926
706192022
298183136
483343624
971846557
218226758
211438809
269066471
550947904
868611760
883969925
754702991
231331954
915475799
100153992
103240183
260615230
145937692
781070933
480608246
574002736
348852280
428537936
797164768
203622915
967394087
687909358
496421992
702711653
705816232
809947818
182990228
735694317
120732651
894854654
661022108
598894214
249712130
226024336
247463729
687871315
997980804
998389667
707168241
637100628
108087457
625580346
738049470
734708335
170037012
155377248
623461501
906720709
551210179
200445498
340984517
410068279
704559239
277810123
147105433
994341220
902749871
740098522
513928212
542081066
839226348
391035768
650377540
922803203
641446138
616936135
501770760
558675955
172628785
602133205
810417072
532731396
492958382
690307970
217001100
695036901
741418934
496096453
553282145
935248822
806469121
963371009
282199792
546252864
183614660
238199655
902088298
165399942
366411868
318409853
213618542
945601669
844731431
618482668
101675916
195535694
519473849
531257500
276398356
495473007
735170284
824091417
418060661
271724054
248161806
568744755
159700543
491083420
931392874
333898293
461517241
308865193
984103476
738124867
376555853
338432226
937927325
160848338
349750316
951765174
221588028
459225332
689909544
207619847
666277941
187098507
610682528
504913639
617450199
533753756
399649130
909589369
439479217
713796286
265358144
886207121
315926087
467485431
733259321
964835692
470265833
756424467
484823914
307260905
105658462
678372475
445919303
758084155
406437334
460219993
655047595
887272169
717075672
677138666
531597418
509655521
741037765
701845871
671724404
434046053
946428918
270366778
438158432
251770070
764311671
852576740
492039891
182166211
709148810
797899548
760338928
188265783
710836748
372363577
221568660
374713637
388909201
325393143
229271864
522558896
887769326
279728473
156625984
441070593
859518128
213468762
546986218
897204774
794504919
173946151
387639053
176520677
256419411
706230654
679239870
340825626
957982258
353301268
741175820
134905959
559034069
836183176
151009510
244267214
784689016
763620830
834680435
723941314
575405521
644554988
740526798
805638479
885517516
918999494
946688585
448946827
748947066
697127797
704300222
502539755
168723219
148999157
879151304
279950704
355804796
872681694
347856076
589384904
516344941
396389155
865956996
863001608
775908749
157315756
611900220
151630309
949974815
173766719
392433362
329820172
436635266
537731048
178165783
993932458
343526840
545157293
152789636
359610044
101310352
484929321
550942571
797598014
900435709
485258775
109612047
338134471
163460588
921576813
539943833
614804879
961743292
694638006
930852382
364040931
395113801
590615767
517393767
200370204
883930667
786394581
898293870
422796352
335796224
293032722
504627598
824826931
657384959
168219828
953749506
118627703
886151582
757198910
571627430
420919355
981242827
247972815
486786573
434809835
930005017
704658798
383239139
285050639
823307679
491291061
923115027
563432489
400829312
454183904
208785535
588368159
268869732
697615820
204962711
899312265
474358099
540441233
901801713
983246764
333408450
218308929
166011088
300112528
776833755
150647322
814346559
285125652
449967136
409587900
346577335
635908935
606310833
194158953
652147934
257566755
228776779
801926521
133340183
978499817
937330861
642392071
211934298
919190356
424760377
397077054
499392623
998254196
284176837
668206468
500408235
728301277
175071598
313142883
782011215
304469652
799652972
627769170
965913500
174537495
450341786
527806147
162698490
434203215
993147681
215445486
608000335
737093675
128403683
810189851
694357292
763897858
719365425
867406143
229508826
109982307
480691999
728349558
271849729
457875128
801895198
473477883
601527554
237655499
794519382
330153979
268080473
569102259
257405665
695334367
955282755
247923752
746923823
119612000
374903241
441004135
831554655
670391757
725520190
468700967
691962496
870739819
241569808
952315694
945584431
692630846
929762020
165050623
672659429
750939719
357546855
938828209
331054534
292426674
122255231
334741523
238423579
937701914
621379177
996206107
809037153
785718105
450256588
291783112
714511722
512946061
824589530
634633618
434957424
137169200
770917702
225253796
243334509
434485663
986681581
567786500
556123957
844028182
355406598
312041016
576961636
583094717
207290625
952887724
903200368
542351175
122032584
355569567
612124980
682587448
419479723
126521485
791048712
579506835
520927456
645923092
890072671
941402078
614036770
533241243
583688434
737957284
981312259
320620536
790734077
752129260
921400396
767317517
688758074
675105670
506603238
384799655
205878840
787050703
580766044
560457470
548579132
791120133
850856831
430227817
736272433
835458667
228680751
517367137
259504694
338952408
446421038
152883146
455043649
721897263
585463154
131037255
962408971
103220224
315696748
480858138
815315770
613509083
181465859
585607806
433711874
927686741
241313588
145585933
357411474
373651425
385836048
461307071
873496016
260280030
371246218
808011487
297949348
794153117
152648768
662691728
972900665
764601098
351762044
420748091
102262832
745766834
129946484
717792526
719284414
297210070
900563569
822890359
473992231
838361714
972911337
651099470
285642223
259492672
509030774
643393117
695728618
842286819
591087213
480667326
331425061
132282776
814983311
509238195
161107917
456156986
974680253
509089835
821314844
860269865
583131741
207757694
433647253
181376927
830893523
499908728
633693002
491396875
913368514
746437129
312916302
785594657
584262299
446255115
137798464
276128523
738641990
909058669
200490891
576794641
463103796
329204470
850994819
110516309
119668203
409287047
608766200
407186413
505148130
918529473
406898279
933748845
527590795
425173996
809012676
541610166
174765702
606962266
766331734
118293578
665331059
797303212
441291292
514384553
975986577
541176299
412165793
686555007
862180579
461215558
408980184
314915719
385670365
863072069
771481038
281879632
996783168
812538546
132870242
818060971
686795382
243539261
643148975
844504955
353667116
834028656
287446494
783069843
579097605
690349373
725784324
627101001
205861152
932066272
194020447
492339762
805191023
748781847
961609736
199011363
513688493
458494539
209787439
143502443
430891209
489074671
893191267
947679597
793135352
955552808
894895327
562930697
909902258
901084276
914782945
416348378
564451617
237671136
417454152
395317867
408538045
113543285
404002368
371469586
822008929
272268769
939726727
329076860
307174050
815835044
726952766
216337791
489786232
401034529
835542812
470425207
601799108
173684289
103091171
607323189
859382719
335250974
932329675
762068272
754712446
524615929
731902411
168436830
784163737
856516199
918470992
882763334
137213786
366148266
539207326
513536266
241897865
506525400
237071519
737190219
171644288
182427900
837308866
757174290
203720255
233869762
372186369
299620569
269945590
387662969
908778071
612650885
474887831
939777153
303636115
555454575
967698258
165572634
379936885
498394560
798755176
568553040
942459904
260773012
592232149
838475868
271319240
485451439
281963972
986071424
140732353
243406411
666530742
637268398
203734752
394560272
718378396
298285666
945008862
440701930
155535844
493810493
304726037
392718936
678376031
961726729
315509614
572599397
482352823
161855770
818405641
647369561
487434313
375957858
207520908
460163379
938126279
448083012
459018168
174472986
763727902
868851952
310879395
682292486
406870131
563138775
424580695
277757287
687778423
445581994
519051960
565309835
445938225
950276118
749443797
211926605
800392706
792175303
913525376
526719641
926792796
238585174
544098621
262065424
175363022
814233506
341714370
362533862
410986221
109392002
869311299
476106578
109402219
689048429
834304630
422354898
992331759
409633381
247477751
794015413
312918632
761334986
261657125
813299170
961200957
715513378
951643088
935739446
743852193
536199366
707509799
307854445
288313349
438938554
117297898
768322566
882205606
653461778
270745556
423333086
147137290
686641668
429555427
750738813
793818310
963754090
585308882
430919701
201180754
682040837
971420093
421056759
728715154
828908138
853098055
374533001
453874365
786227298
146542930
347152594
179771295
199641256
823083433
635736373
879643047
394574951
852674467
987057469
807544702
350058222
591113998
740316713
793064652
539332453
572351039
950060402
496184841
438596733
411744530
308340915
795987494
572545806
375280530
154210979
360196108
541449656
250600886
595558203
988514721
179549581
818738672
880917448
488130380
364148886
243401527
821649588
625113360
384962499
941524153
766604852
405731826
273985758
275771229
708004259
710802858
858436640
868403900
644057919
390813890
145192427
519230777
743255472
235712086
832086701
396199347
589143500
155029812
613248034
799441049
225011766
407605550
738899852
626673557
425020723
582665910
327463256
928794941
138168495
393296013
541612286
177169876
681944078
501967368
376493636
341604897
709082915
683262275
990726596
305851719
940137076
278087010
425765175
718967110
861293868
536181977
634210635
472119041
330429106
341363846
836203141
712921224
532718039
764613530
348387985
840108143
993237913
450685695
221976367
654355973
620134145
421189009
868313013
378020461
689663009
757509480
706424416
771698815
394586006
254077703
820040349
674522446
988729004
563332757
219503683
859097898
190467629
461576338
559211609
593132421
944274119
761372070
461094053
213414758
566118154
779041164
910941313
412847543
211906459
830768643
307671513
375529455
341714437
469856351
829134187
811610135
902801315
659251113
826760110
367011506
165451167
683157393
298013034
422793232
395668869
673267200
198893574
516118277
817234747
355359281
258494860
407769702
838158298
997661490
535363998
514028115
213516351
874928519
300847260
930527912
704987169
926848903
798453001
282548090
159461728
681854756
689995371
226872768
739454862
937528333
773346855
950772799
338412858
677307574
302494617
426626354
516362644
789245347
316421347
691864153
119046639
169040334
450925394
290435824
799289360
699304134
788292387
845461116
907346659
189020793
777683567
153759826
455800896
114187657
913691627
337750141
358333358
651425027
263123724
926127374
117031737
317250806
501029906
449381869
300401449
205826396
130661206
480176174
431158618
503802972
480402573
499713009
469225613
246661057
141885730
415465058
463300536
867099544
679012344
123551413
142675769
520143054
140735500
214482124
127002270
813130362
512577807
840262727
961251995
264289169
649869994
922834034
646328205
785282860
593566164
550142949
210785698
290243984
495889541
130604131
652798573
856493552
365810428
353613687
371251759
330474884
910245406
526618831
368384304
626187355
223252412
776359278
932176241
823689533
654613126
998560601
124874244
480393115
993132646
269127659
743482153
158452903
601637904
454227679
459794026
945576884
650080831
511080494
259869668
665809359
581019937
771765833
576334858
439224539
629124480
411346613
175297912
720059855
244049523
647219820
942377738
550227284
551414682
866939958
712672793
721283303
318763715
756020597
290043795
645857852
911169362
585621147
897342688
851296535
659061881
330294021
204816863
956079131
246082070
275521421
484920856
816082122
111577233
808097445
242450444
106045912
976789754
734079145
449696271
187829334
154392495
395634564
728093755
835534158
690446336
277780918
832914506
995911040
373826169
748287288
303881946
308441873
481136950
483690254
622547660
670759744
802520437
684699154
304206016
850908523
519226831
188684491
676848016
525530398
781670531
619306583
503692918
880541995
378121323
322665947
312268053
836435664
465486071
583134609
467342488
340499289
310905539
942410658
165635365
621051576
960073914
559259911
520853071
745715533
852214994
156488951
250274164
438619287
115434544
325932835
548386977
876455089
236849131
406234072
807019478
286415592
743488283
426796038
690012586
192225342
942967232
299769685
463673771
728692486
228348000
424289552
469673265
642290580
311978044
195455268
783581132
105411087
116935178
286957925
645979532
994149968
221687377
180455820
842081906
996154491
419689571
907497021
292753007
522401059
659131772
792343357
796304936
602447249
678477420
827797875
776165830
387411611
160371771
690567144
629237442
453659418
554582480
492727326
437403167
412475233
913832236
291971135
360873801
900221326
684030752
355783700
622043353
500755468
970497581
285596563
482112480
491649209
138008932
394565805
537467806
709390258
667776105
344889594
299195574
350141172
854054086
911414029
539695118
964778390
689690590
684539299
995480779
243149574
428599538
509671524
532035354
358818059
966672841
291089548
104763284
984303203
407222486
686947538
750163669
594892863
956167716
870994121
753401845
803736476
911158890
112669324
210791892
663131586
153429431
471440154
651254657
143139634
694757017
845986237
755368277
272505415
248342256
389569821
925878037
425262379
530211922
733190479
425792634
814446483
582766894
131012020
972604184
208318030
455015030
626019442
803149315
649119973
642179384
138234465
459825035
895039349
268512223
385814543
609582985
446203218
408218416
967183883
608427383
178223604
878363133
969280694
457490298
551057687
882439598
641919861
973527882
509724286
505223433
555552417
528299330
257557905
983726677
332783207
648858147
415126520
522382110
364839347
532358123
387917397
107362861
972598631
830225183
889397086
580502445
341492610
452147698
669743682
607097464
122855636
542790410
461020656
721255947
381752981
818922267
663818148
165169418
427873782
376520632
138840233
150150203
594273389
221374707
189747850
940376179
910435141
639118052
789029658
164559408
937985532
162009287
738770743
777744088
850821811
337880442
100578081
701862751
966451762
818648436
112005994
868739713
801331042
163988276
150921876
950546672
785033891
734634333
275576956
239563775
856036697
735478448
658597519
677640423
969395069
256790073
375870063
170312591
945402953
979455962
645666508
736797702
716809474
443260848
957080536
906930207
908608544
375375136
909364854
850515391
559025031
866699270
399425417
270646426
269507512
898868304
570280330
398733843
817974152
604881693
213527207
242096739
208301009
334818458
462517283
474720621
757105384
136986456
629172347
875661733
322128603
581732621
481429106
607848587
999771985
413569971
634634008
945165661
573346888
123300036
798667033
402107432
163209835
293579091
414117136
944930156
281450034
489422399
843599459
768685409
749691306
857866926
214963426
352935852
614392386
714666654
952898219
267100104
360705161
730601569
495536136
720687497
639459710
407489668
536860494
387757743
586568247
885681307
238368814
461996520
368709117
763751434
212599709
491712299
946580624
530088850
870541295
636375147
368759193
655593040
585910328
334755056
281885919
899010656
399238639
191279714
711628363
387076990
796727793
654658987
918595385
134726890
736591907
703179430
462973491
453048113
149578127
885049036
561094619
793128475
554172640
851743257
168311200
501837146
760768332
766159133
133813312
913437113
511462336
854011315
154254888
969488975
414363641
413601025
877946945
895475449
562263459
355574820
232020872
111550940
109934259
837447680
203311075
894303573
269868607
639737738
952114661
679181594
805234866
797072983
769854645
122406831
814463961
179430498
272643501
372640226
442883918
791468018
132570230
120023975
148354426
523684872
695305038
871758882
448056913
490479227
436540928
172862505
211005459
156869362
430121062
307962637
795433852
442248672
568390330
785767685
487011781
506304689
468210623
944077956
205718285
739195789
984890506
677671073
522812150
868101078
732392499
378043448
361950780
187809931
425667902
869349015
707020752
807677869
704644025
493730573
667247207
321970202
974917560
107860688
865460930
389357523
570506999
114079541
871117819
370735561
107296210
372281863
463258364
704998683
997970732
822497850
504840636
355214423
681847942
218314536
339289991
411710661
551710034
499841282
751155068
263872022
980484170
540717050
243034847
967736468
576970597
484863858
218226174
222249782
663195947
615453415
170476118
861972255
601289185
676966135
977725962
966004867
362644948
269810679
375023041
399882554
801353626
499782552
161311494
225013412
719354661
561513805
946781284
272287736
716185984
726192214
604068953
160363475
224669709
853605168
741375576
567801801
141303963
198066366
239586447
136424259
382359377
484591923
319189538
424791255
654611464
826812012
612271979
171190951
263469163
358772526
241066304
317829966
989543742
909768833
368610576
252236843
706161429
316273279
557149706
708321915
356357500
937119338
237965241
310381032
559164199
464281029
568353943
672139462
617935388
374529115
515833648
628143619
658688439
804325715
977841564
788063642
113382655
939268333
875215454
798371506
462436338
100261070
563370387
135234264
115694597
171897725
822317064
205329566
263806956
975958727
891352389
116848729
377488678
352434688
588140940
772562434
980235686
264019048
965817131
437536931
537027677
366950116
643451369
538153315
501612260
123718060
862531677
658657030
748636677
432853578
394153440
364896285
328575652
911354567
685375215
301269401
113537877
822471740
138064496
897308498
585914721
887741740
698286448
757638781
817640458
797840258
866137392
977178077
353265675
395755554
208950481
299301037
300996836
749999489
851122351
491927249
259291880
405279841
352253431
970951128
767718186
215258885
407035167
842416734
492812932
238347169
864770930
991262226
266354425
728682572
498773774
208674981
988976608
776638295
607015998
207334360
525688659
613217970
463944130
477172421
674385068
687020044
329172015
417579504
907129043
834633615
578327795
142331899
544861937
838024319
332209205
741512020
952260233
579977543
105232381
523067285
224606861
257591900
172659730
921856366
816647277
689522182
322463709
672773611
781544742
160848714
829151011
864664628
123929565
248172282
358112006
666705979
222084038
715096103
306912561
853316121
676538058
140465423
803094980
290464572
337160680
707311392
603365659
457876782
896943840
825610755
210266145
755134812
232307384
362416608
668873041
208330684
402361492
423734857
194224891
754305573
223224863
266089521
196099861
139764181
474822424
752051087
999550056
538591524
176112518
907939576
300054676
600640747
889053208
371847733
771938441
975553797
704468765
230201964
251049507
529129067
969934711
492016377
686415019
223793431
867037555
612554439
227655624
457579336
795268751
736034078
478454544
741078198
865418599
474698504
101648396
244509047
108788305
682477248
343583140
642620089
338840111
833015772
892781792
875466588
455175081
983056945
176788131
517802494
321385356
813701494
848090282
504661624
317309032
630534554
206907100
976858469
511500179
850891172
751098005
379161098
145346316
749341040
695192362
140120508
478790125
519553777
481613291
780031030
142061853
295320448
453645352
248659583
980994295
223358359
479761178
311916676
377673834
241520276
241615855
672398008
964767240
634839647
233620573
855065244
729058215
226302766
121576928
754314887
876010149
434897289
285505126
222777065
138868546
630035967
360042218
370184169
355448292
644561074
643465336
259874211
393083109
282697835
753544374
700853623
435511835
108560329
788501195
579971732
237349247
609323903
135576925
861407871
660255281
748143502
287933856
796547857
313989244
548463582
349776381
664388794
155527878
876466133
721430138
447180041
492938424
555027256
438609132
875559986
348654973
883967236
285172392
109432565
595985945
278134758
359530497
521176730
701793127
568800215
252584067
484704634
897684587
173898977
743752856
859110167
918725365
432467376
278884847
704505391
936213174
427193537
858836885
178230774
921916554
531967788
428706319
292465796
393556599
975666259
927423860
872216262
950113186
224882259
736443314
705876310
481199019
468621283
358987506
384149644
597116633
969956945
307554794
919386567
976082869
731386335
881670585
397403044
489763566
463355755
992326041
781518460
763621301
385484606
448608258
643543612
919424463
509194623
654431113
131155917
949439018
657546214
175575939
864244388
294377122
302828852
185719313
237373610
631902389
602044410
383022402
838654201
246864520
912738089
122904848
900088857
211577611
470959498
650208173
566044087
164447837
265991959
123734921
269333678
221709689
417579835
876697730
780821499
196699485
193577208
452866244
789241051
104980013
566980307
594932170
160752131
984928505
633656791
994739562
399755560
178016293
231138674
294116943
141485847
180534771
684729128
748440450
771430295
302383987
779517475
171334447
641758442
235062873
284504757
387554702
328328200
764105391
775636463
634880346
926201546
400639405
996784145
734766948
869012160
894446766
362631863
452379119
187697231
919605446
245161050
849673291
864194221
129891936
741940477
293381901
136430994
683583591
440128867
214887531
887107200
738496449
544914382
579788349
957418636
646238957
631331147
868584425
233136393
642908522
833050148
261264034
916082123
145239067
695554490
185475681
627304609
696977480
192634081
920152073
568622709
630079740
996809945
266497270
952108220
263597579
504661868
480064829
491397827
431004277
672351097
533493029
239151405
847571978
378964460
243836841
470902678
305254678
165651605
966968550
921870724
694204782
588655499
678704202
354922286
712902272
989241970
938538772
137868054
585101246
337682713
196464811
227372199
913909336
869414371
238998120
116748073
599007895
117054283
721132482
536337076
293739586
583271216
834689876
961034608
100531843
158034603
347355560
552478558
929385185
517444871
762432860
468103663
355501130
628872225
546624900
205217950
261217260
402446879
211036244
724944551
438744544
803141529
319770456
839714647
632258496
382369540
360172059
210724348
846540058
927447536
847587916
749690957
546846168
974125633
626401718
348801310
470026678
150210246
868715709
932801874
412470726
723175250
668424831
786536072
633918893
530817738
608328696
560859744
348608754
720235477
114257595
659435829
152135203
754251479
151322687
316149604
699935445
122697732
590217934
632013405
923735259
756846998
593958310
307948067
850235532
449832028
850618512
484461493
316546929
980755290
175397806
504001060
833964396
494026873
231217268
961555978
269918242
679021579
403352434
598934467
807026783
285011867
507981664
689303495
393925600
436187158
584034387
131659195
630309215
206877820
125977177
614786757
171079471
587369807
932481716
133436235
953763890
638634740
547262315
926696866
483381393
784024727
156101324
819243192
564482535
167475942
841957978
897996392
604458001
754283000
703151955
989233620
671972023
387717343
304446656
800474424
188562329
365659450
463075687
460862256
103716297
330929379
241057375
627108458
594005184
278893131
988290084
214345736
489936575
717911488
489489998
213808477
516075489
725057458
122692118
118440299
369590683
638021478
852071434
777696695
580163300
553742377
331575516
936880964
318767882
929901846
443012310
198298263
906133210
366546822
671534836
259836926
706742133
520144219
120784535
465261303
904318270
308802182
966153548
234299946
935560439
468282050
704579848
992346123
342561230
858197554
796205781
544785140
115871071
452392474
111349545
363718686
109067934
775864913
301561787
118428823
213721266
862595265
780085851
258354337
193189899
307474439
887643108
894348652
259833474
278854422
758363401
375560845
682036471
119076611
301723072
489957537
306288615
430990590
901554396
937660305
918466805
687589640
874597604
950421031
922038120
359862212
138739705
215779910
541228875
586207593
306390144
831085970
627055714
812258227
695282125
293420789
107568700
954363161
775868431
371779742
399673762
706121200
495887769
699347652
943751095
625206080
240795741
376206016
699653530
443135127
554035619
809079925
298469969
516895214
609662323
690467962
572911432
689061010
237305368
291934776
419197751
818481259
912544533
732837052
932879298
789308850
688931915
799014384
238503430
411793123
247769618
877465257
364774850
542394104
395487453
876031282
511523513
447482568
219518944
657876379
415473145
969072572
767847346
626703516
535445911
907582561
543788282
486938565
284920241
571892540
299817481
841764679
752806421
213013541
629753387
713271114
456572048
501510349
290309624
983718131
831730339
817171539
102238488
709946980
774552730
680895872
736355241
455304197
227789279
611509210
246540545
250578629
834305171
445438276
464863698
849185172
656161332
409308686
312360113
242347096
699867714
502474858
850642502
220372171
142143673
508800606
163184551
559477804
559583714
357500858
180815882
411932870
226479350
513405648
455911150
174568437
974262192
326954775
174535295
702742479
341649911
668755000
390345145
126057427
205681666
348312711
657198256
444453540
525803232
445827557
690806304
622575820
168049597
856883236
195675470
510106676
646249830
121106033
452579565
767342338
529964624
281702572
359279211
425202768
693388335
416753413
701456439
396513316
702469978
731318207
790978782
327354740
813793479
623538999
995938247
287961381
490097288
943298246
110118721
565989491
330359435
890969195
295873674
253924327
739029571
508084993
607803978
352451497
654472542
586198540
983747515
957577206
667439225
159272930
157054289
604137137
861381822
513770313
938934379
634656681
932080840
724970734
855404585
919443948
441234931
917781918
262465166
175880725
373936097
720323280
809200642
668975139
189494071
300225655
436721126
211593069
933730673
998629828
366356318
231037683
548454990
326232184
358396696
416614368
118467005
518086648
875627768
834486178
453963389
670243455
367304873
366469867
400335311
815359836
162744771
751369308
656955576
447032088
871032626
726554730
919726740
737934821
841867418
790299479
946938463
942943602
877957994
972209531
983760549
422790615
681330711
720480860
708525498
782331264
506236879
401642993
985082475
593447880
304914966
778762285
288319100
516018191
285894283
152393064
833664931
541618999
828473938
670379290
210079774
867146089
806536203
492209834
857606952
674561818
520931279
296644705
417681742
818999434
116189997
517642912
525160041
165420079
163233750
413263521
771487820
765899674
662888814
167281597
947159756
622342665
977231026
502989833
641395963
977408550
577045222
989458947
734670323
694727670
720426689
515574459
665103495
228776331
881373320
748159675
402922042
145247242
658732487
417875646
225785461
198600401
611378369
389895377
381844574
439579824
115769473
702173869
750440056
169433676
825842291
232603907
849255928
484797015
459701702
140956893
637777706
163675495
399690788
502667602
340401279
291120199
886184341
807008762
933633372
898693392
345028570
964666376
688593718
509296103
101128710
516068577
662778316
303126590
255143551
685384598
677743411
281226096
439562414
281570522
738407494
856833757
107404310
461413502
149708730
954363230
185786183
552551322
621051833
106893193
158753487
823944629
685720686
336044724
945672473
275824892
752731667
691775687
851680660
146563702
412123027
320864976
133934625
578172247
933587174
751566153
991363908
711635147
846154046
907644158
779847507
415804666
322826237
771233943
624028318
673351788
588085606
634405952
274910180
737872029
392936597
404824868
395879602
279068720
955959266
729151151
216545137
652325528
610420622
217216794
994116800
952920807
278159576
185178367
933810732
210446433
950614402
613382714
452061266
144417137
224527375
724484427
844056265
235728109
820856111
900589835
592112245
821229960
468799769
109282582
503662874
499837963
186931012
819973757
912663110
643074357
614785162
942311519
120428750
294209182
114532200
642827378
206806598
439752759
618601667
996366135
127679395
431111389
973207303
792372553
840013735
669691531
334034253
132199130
683510121
213670175
555378849
873371938
649500215
841685429
445725470
130899542
593921834
445964388
279120602
395139499
122953409
433577702
463771261
169355934
802337047
477551723
922994248
542870604
218123098
986561336
375900293
912778072
444111913
608628166
426622053
603256559
799544178
411966517
687152749
442139815
960004213
912635720
702814761
390678723
329534847
615371631
411295126
605241217
813347028
633854946
419902125
239625233
971546423
936740197
502668718
339598608
508172177
708335518
311801602
339921538
199666798
669657920
573964876
381012988
831936436
578273163
542411044
175688683
516278293
289351465
610591170
546991946
461982078
447365742
187678287
597540281
737353029
880407149
814950727
169057978
296649458
122957235
598596719
255431494
899031973
737711819
436480423
969396008
150350000
495816225
973312352
840740983
809605230
891999150
995419001
495662139
979604798
278788138
838092913
886380565
603274823
834511236
708118894
214024210
315421786
597960684
975023341
989529363
757181909
258060785
172991768
714396570
834909662
845749777
972804692
685017914
705398782
970525835
337709511
337472485
648113333
347417535
416204389
780626811
186137866
869884031
422549382
164918945
494731883
640024474
113793296
642323013
644902125
101355153
189428990
592129615
457699035
166924395
119963005
986537787
573689037
593579836
411142388
921777626
127474930
542428915
161758516
497453056
531275321
347514222
322684409
337018160
399149377
681452341
777631652
206498112
840651295
631681540
837705221
153922949
985845745
141790528
258922911
554486403
648600779
728766127
489722934
646068966
293646429
665915503
367143823
754740430
657246303
991975839
227496670
433298385
657236664
323185156
353064609
290915736
359186963
733010825
448223103
881900027
171698657
120793997
563325164
165355334
972911112
368432519
265434518
151862233
590772370
679802791
340570442
750042888
868323111
467778103
652358625
360398362
261002322
425334825
424473819
653025255
316538110
161439040
550363934
828229001
694387536
415413219
631776070
748126300
130470259
928986668
834061616
846386636
269265453
173476922
385561581
236714459
340754193
435656474
850519879
438303303
159660878
327944848
500473980
915763829
773634116
387620306
216456648
583785936
455099832
970174143
912648241
984026015
643165084
436940917
610651160
423166852
338512370
841000404
632833959
606616320
336882299
727810816
161737062
824376443
813890008
758278494
758189579
306654235
752174672
321225795
312543405
812206183
952524192
694904368
381978925
920280363
772141916
641270053
818213314
440185417
272310441
339751985
932080641
718637236
113170480
550030475
263029424
500841347
908082234
595490826
426113783
624989822
687352261
144059685
530377375
230460521
200351612
832251790
843072077
923424141
150061751
886472321
358206176
663301856
258329801
209881664
362776338
215072939
992800006
883448699
674353648
189154419
160417090
596907174
310582766
898894846
287243975
911045722
769851988
165320927
988859608
100690992
721449344
101112034
792419878
595072264
329323870
104689962
970915990
706115176
620889002
135288054
175002428
915434763
783519964
758016401
532721712
814652816
396175250
539267873
674881721
123983624
278408558
438048345
510997283
481195513
112012510
736818526
900818275
470696177
968363896
167744680
690912678
248131084
200624235
772276892
970297936
344699243
159937959
128599898
644100193
548614780
998281169
759446003
756778098
136445210
201962695
737445040
562272112
653129822
505116601
347218143
715576062
258017994
452785592
254804443
764511353
805118941
570735551
910442795
353718874
516933366
624498574
538148367
418222003
836354850
109687519
134663449
396565182
140290321
129798281
364173681
912133970
921156443
714528362
950459943
975006695
726717871
211241478
538792194
755428136
961725272
390446831
122339281
981666989
145385498
768755199
762689090
785856438
468212274
580733759
948316026
246744407
664037016
759458944
319987351
545297784
490310998
674977203
929658356
227508638
992188856
311365713
523987792
542402276
618173188
174079098
293981954
694588314
173126759
177441893
791127137
894981886
316433884
160754212
211058782
698671001
731921529
587082139
335846811
984089363
443102789
442109161
527188697
829882375
129446991
106663997
696841274
722735927
899816592
108171894
539123402
360055391
746929562
470454311
416125441
778899191
947260546
553798832
109812314
228858537
233977033
883454770
330089888
383668015
280576428
248815786
602211607
963308263
422600617
315454505
857594104
337821546
264872641
404628183
243104464
248134653
753578047
625593298
336363510
223904591
960234876
162801487
849860269
837877084
653555930
432690489
416637503
162284337
305623674
189218103
884604202
570120642
591418516
642516061
157063366
989998627
243174727
861414209
228682440
571539649
683095305
531827201
287013992
697736010
503898353
408358972
667188901
329502385
659812124
420342747
892207341
876757175
682597964
150386000
829293331
846664710
696343186
620334910
242909423
629451154
448916504
658721407
268608028
379058831
976324232
153627793
703918806
488675411
288651278
882064505
432766282
866491987
230345997
309732444
589642673
704375593
274186011
487705914
359154212
608348374
219796607
785502194
805591980
313072002
714228894
859402469
855933000
732495906
712067849
331786260
223065208
965831421
182620755
545885451
462911870
711681005
270909167
399740890
903675743
717812926
687804343
640753002
163339071
122883585
752940678
241138432
246296441
364421903
568231201
130880002
148822316
432724334
582706854
764003347
375257707
894852745
903477655
351833274
175075667
460188402
749127566
326803554
796115839
494060242
745427198
801872810
249505788
338036592
591838789
458393899
195352059
140204855
443107532
998446375
200177810
504333658
529688453
889432735
984321555
713680771
435428365
873583715
230584475
343353478
662633921
704896008
519424632
314641631
937540769
997681872
702789748
891060792
840735404
607513849
980178280
708246419
888026897
329186518
333761564
682388817
840703541
210872203
793145440
529952067
450272499
964911008
617561075
838039824
475642555
246392140
168738516
794681782
264050212
802737545
865165550
276958251
480712467
112035529
639045377
648715844
912799828
814051782
468484363
742519894
149766454
865189179
321835753
675114278
416812749
913346020
767423378
611895122
477787853
420474053
107715772
788531826
836872769
510896654
940775827
742474065
482224794
271756147
905054583
276084170
691341299
431259897
807394331
814710560
625259965
302914291
270130091
133716990
148171513
766782821
380087783
728768655
672186332
735108952
516171970
792704117
640923218
396111040
458084052
211232236
138939536
407046548
568974035
337284694
365570578
923353028
668473710
435564644
209915276
999327646
955550336
906392546
305694671
844364940
425667783
957188616
604041500
295488015
160198830
378913571
966602110
707078044
874387543
372612059
346650428
793814328
340021108
573314373
415628657
700889480
983780467
663289080
906965741
193432992
833092224
445672609
948647831
147561437
880959904
819223375
651251875
547971602
927876027
766836464
928391388
652437552
999776144
814306834
870540292
172873498
742159610
206066842
673225349
291513327
510572437
734370254
218986861
325673428
113719552
275414513
640882948
926770562
571652192
324922512
172392120
636745484
306511610
352363812
151576538
151610214
467921014
968959056
487267181
492326616
742323480
939440796
660691040
505649589
721590021
315520936
393502914
931059866
571826956
111627565
204943926
373996863
356889513
579668934
239156096
399376379
155525998
981536284
608588646
605389903
828881430
823712063
463144519
203791230
687998757
372976599
835415042
198890654
681819919
293252722
545385708
717095002
913706291
770182308
281060950
193981543
688509558
280799013
952614161
970468627
742113074
524644950
910366528
656350106
828010361
437108698
989997464
557473386
936497291
241843982
504652751
753699733
537746311
551759157
481948894
115913380
492657609
376659932
158170634
378603380
474891811
256739402
996586485
927202358
929732481
561591139
682087971
399739245
474868280
885301328
897050851
388708059
544969792
179367960
723828907
957948386
853848478
184161482
191798272
892347722
354144275
209732719
406402313
532020224
383268752
249838397
938536962
684800617
157737099
287161334
531347985
689950366
432325492
972334243
184324138
128467834
360375204
966087822
642160935
666101318
986741628
762611047
238310721
512614911
483778229
855412871
366455645
445567291
241057389
228556358
546620241
761331051
894948092
398911980
352641467
746281977
842510478
173329199
898175802
643776545
756227665
419055746
951427436
715767729
693001975
180901525
355715278
987732884
120192255
867621616
824315629
914140037
792718089
796712604
851652011
442153894
386461524
219800815
353605124
239185696
996710024
155035719
473246571
753322772
556884526
746859338
904475915
477954749
695841864
363325536
280732143
876681984
110102068
312456265
809365726
299447316
789169082
976380925
447961652
758059207
781344009
818149725
481691726
363694576
599978252
710908138
835015165
188714216
986549607
255903292
238660356
383746798
816571368
780127563
123200881
386145242
905692061
519881372
133730405
184901053
167711201
777963865
229887563
864699072
162141187
329158370
112088703
854432015
619171581
342695088
838234084
212354790
511267201
676625702
703640409
341763334
410283127
692068671
926700808
243349612
896335219
869011589
385875733
852234221
228173174
910331521
800034424
535973925
269572338
268727914
560242338
736676495
176832401
564270302
118468025
739028697
875524893
921925866
447284917
659484259
487078881
321662275
290634325
839703215
428057487
562207266
189941728
510216215
394743096
801900414
923736386
267584687
661990040
529761264
493038622
582453365
366118069
727171230
501369185
990597791
387240553
242783709
666261169
806634429
686877394
767929094
151537849
179812056
376787354
874270785
557140811
286780999
584260112
700464170
317930196
511644531
486375147
879709783
893173443
352533585
102106194
359391157
743037792
831458819
169390141
495752356
476084642
756883864
784410060
315650167
265084821
473568714
315273772
656098746
925667947
682944496
203897885
616235316
289495135
860696738
711841544
193760680
783007456
315059882
804933595
956013360
782643507
955158270
683166844
722764666
466014819
242738188
937500800
157807233
483584896
941106994
693265755
511747833
538139264
199920773
645380349
593129401
792224700
128895011
571007093
299988423
489416203
695236428
524516936
469524308
478272887
360096333
736049869
490620202
487370153
272724824
833988689
709723086
739186151
471708136
935779609
944651813
677429638
616815509
403583482
630448368
202150331
146347585
739853517
300412313
291020816
451303621
558013214
355163270
872512341
750150945
955979587
800487928
822608867
863333290
990907105
560168781
780665484
259511844
828460741
332322606
763487038
367236579
807771439
339328427
155765639
289568953
435642320
265304386
476873903
579766098
945638801
751019974
413821676
519052094
383768561
257736213
387783960
128975961
384064469
226819577
668806178
943550987
641928590
293119230
353401037
279726926
254400199
381952133
130375109
330571438
557906179
277393110
188047721
590918389
794840149
507955000
761967175
843507490
552415738
986822429
460039977
973825740
244045466
659765413
314951828
438633540
824210303
465143199
215525050
548893724
451668472
752952711
557362503
586818949
821601629
783101410
557312020
724885900
271569123
818258459
173336039
264946921
627604685
134622444
654516404
338593107
746083686
304000003
555221318
214772415
101894757
404542392
506751986
584372459
544440915
960479185
787140258
793283293
723468964
419153481
364104728
877218523
930293485
172779806
537526613
679650182
837387145
114406801
251286561
510948813
889502793
494167194
834304565
982119233
953720007
448949874
296386655
634050367
441226655
253150195
310285835
157584746
747954143
902985606
410780594
746875182
431610400
706698631
951669301
101218326
823565787
469373887
893141933
983258526
111782346
757471238
133489931
409409530
215087233
451352086
995247356
242508048
119993910
592887155
809658700
558117013
910136621
608520705
913703728
535170114
743735896
736108437
205795483
270410467
804069624
982141938
474256425
492566325
338493683
991895334
272972648
175141421
737515919
819120704
709416638
102056286
204314277
204111813
710741412
301729164
837932382
802627147